Compiling code.
make: Nothing to be done for 'all'.
sr_trilep_1SFOS
2SFOS 230244 1 1152
1SFOS 592822 1 2965
1SFOS 1572480 1 7865
1SFOS 1970501 1 9855
1SFOS 703929 1 3521
1SFOS 205436 1 1028
1SFOS 1301949 1 6512
1SFOS 1007702 1 5040
2SFOS 1067496 1 5339
2SFOS 1783520 1 8920
0SFOS 872570 1 4364
2SFOS 1591339 1 7959
1SFOS 104990 1 526
2SFOS 362878 1 1815
2SFOS 805669 1 4030
1SFOS 588446 1 2943
2SFOS 1581054 1 7907
1SFOS 1514407 1 7574
1SFOS 1571931 1 7862
1SFOS 330671 1 1654
1SFOS 380432 1 1903
1SFOS 792194 1 3962
2SFOS 810619 1 4054
2SFOS 1968205 1 9844
2SFOS 1989888 1 9952
2SFOS 611008 1 3056
2SFOS 825488 1 4129
1SFOS 830942 1 4156
1SFOS 286436 1 1433
1SFOS 34194 1 171
2SFOS 490909 1 2456
2SFOS 239158 1 1197
2SFOS 180411 1 903
2SFOS 629362 1 3148
1SFOS 395638 1 1979
1SFOS 108617 1 544
1SFOS 108829 1 545
2SFOS 108840 1 545
2SFOS 262537 1 1313
2SFOS 262577 1 1314
1SFOS 263564 1 1319
2SFOS 1502941 1 7517
2SFOS 146118 1 731
1SFOS 456940 1 2286
2SFOS 589212 1 2947
2SFOS 607680 1 3039
2SFOS 776626 1 3884
2SFOS 28345 1 142
2SFOS 1887676 1 9441
1SFOS 1130442 1 5654
2SFOS 1241420 1 6209
1SFOS 453566 1 2269
1SFOS 1529809 1 7651
2SFOS 15478 1 78
2SFOS 113678 1 569
1SFOS 319565 1 1599
1SFOS 822503 1 4114
1SFOS 1578408 1 7894
1SFOS 1689555 1 8450
1SFOS 664977 1 3326
1SFOS 1412373 1 7064
1SFOS 1615967 1 8082
2SFOS 969067 1 4847
2SFOS 388614 1 1944
1SFOS 1107735 1 5540
2SFOS 1152260 1 5763
2SFOS 1453273 1 7268
2SFOS 1310096 1 6552
2SFOS 199591 1 999
1SFOS 542959 1 2716
1SFOS 1293568 1 6470
2SFOS 1796630 1 8986
2SFOS 1760240 1 8804
2SFOS 492339 1 2463
2SFOS 1136073 1 5682
2SFOS 1253408 1 6269
2SFOS 1260013 1 6302
2SFOS 1864340 1 9324
1SFOS 1298320 1 6493
2SFOS 1718703 1 8596
1SFOS 376309 1 1882
1SFOS 531609 1 2659
1SFOS 1079861 1 5401
2SFOS 1346852 1 6736
2SFOS 1045410 1 5229
1SFOS 165280 1 827
1SFOS 1540502 1 7705
2SFOS 1543892 1 7722
0SFOS 935087 1 4677
1SFOS 1884172 1 9423
1SFOS 1889900 1 9452
1SFOS 269992 1 1351
2SFOS 1703944 1 8522
2SFOS 161722 1 809
2SFOS 246153 1 1232
1SFOS 1747155 1 8738
2SFOS 1109445 1 5549
2SFOS 1116916 1 5586
1SFOS 1245035 1 6227
2SFOS 1375939 1 6882
1SFOS 1544368 1 7724
2SFOS 344370 1 1723
2SFOS 1353835 1 6771
1SFOS 550658 1 2754
2SFOS 572944 1 2866
1SFOS 955641 1 4780
1SFOS 1910050 1 9553
1SFOS 833764 1 4170
2SFOS 993485 1 4969
2SFOS 1475107 1 7378
2SFOS 489071 1 2446
2SFOS 149200 1 747
2SFOS 407201 1 2037
2SFOS 738443 1 3693
2SFOS 1528437 1 7644
2SFOS 62642 1 314
2SFOS 507786 1 2540
2SFOS 267049 1 1336
2SFOS 1017142 1 5087
1SFOS 1167363 1 5839
2SFOS 1084531 1 5424
2SFOS 148197 1 742
2SFOS 835177 1 4177
1SFOS 660413 1 3303
1SFOS 1190638 1 5955
1SFOS 555761 1 2780
1SFOS 690324 1 3453
1SFOS 151655 1 759
2SFOS 493514 1 2469
2SFOS 1723647 1 8621
2SFOS 52319 1 262
1SFOS 245401 1 1228
1SFOS 444485 1 2223
1SFOS 444505 1 2223
2SFOS 415674 1 2079
1SFOS 501108 1 2507
2SFOS 624818 1 3125
1SFOS 904613 1 4525
1SFOS 279138 1 1396
1SFOS 124025 1 621
2SFOS 515269 1 2577
1SFOS 1648309 1 8244
2SFOS 1133080 1 5667
1SFOS 1486415 1 7434
2SFOS 1486713 1 7436
1SFOS 1120047 1 5602
1SFOS 1198546 1 5994
1SFOS 1495523 1 7480
2SFOS 1387628 1 6940
1SFOS 1421348 1 7109
1SFOS 1487223 1 7438
1SFOS 1494869 1 7476
1SFOS 532366 1 2663
1SFOS 1118795 1 5596
2SFOS 1118959 1 5596
1SFOS 565482 1 2829
1SFOS 1013563 1 5069
1SFOS 936777 1 4685
1SFOS 1032448 1 5164
1SFOS 1261740 1 6311
1SFOS 1600052 1 8002
1SFOS 135870 1 680
1SFOS 337368 1 1688
2SFOS 383749 1 1920
1SFOS 519030 1 2596
1SFOS 1290414 1 6454
1SFOS 1752057 1 8763
1SFOS 144449 1 723
1SFOS 625878 1 3131
2SFOS 667370 1 3338
2SFOS 182808 1 915
1SFOS 1308265 1 6543
1SFOS 576052 1 2881
2SFOS 1417143 1 7088
2SFOS 1924373 1 9624
1SFOS 1446672 1 7235
1SFOS 1954423 1 9775
0 el events passing selection
0 mu events passing selection
Writing output to ${analysis_output}/wz_sr_trilep_1SFOS_hists.root
....................................................................................................................................................................................................................................
