Compiling code.
make: Nothing to be done for 'all'.
sr_ss_btag_mm
689040225 275375 430
588076504 273450 425
287697153 275068 142
757163965 276437 454
1614752220 276363 894
1502614518 278018 814
961259754 279760 588
68951390 280330 36
46210598 274968 30
1541066358 276242 803
2870857 275776 3
486011205 276242 257
1935084876 276501 1153
478507806 276528 375
456703602 276525 316
362799946 277148 265
733717766 277148 464
159249872 277305 150
732119474 278770 379
1424954739 278808 777
697779416 278349 382
285962371 278975 169
505149984 279823 340
497992480 279116 280
211615744 279029 130
1411409032 278969 842
1266384957 279767 770
455575293 278962 308
236763596 283964 139
2296416032 282735 1246
1946407824 283820 1102
1460426388 283478 926
50046745 283680 35
168493235 284036 96
0 el events passing selection
0 mu events passing selection
Writing output to ${analysis_output}/data_sr_ss_btag_mm_hists.root
....................................................................................................................................................................................................................................
