2SFOS 230244 1 1152
2SFOS 1067496 1 5339
2SFOS 362878 1 1815
2SFOS 1581054 1 7907
2SFOS 810619 1 4054
2SFOS 1968205 1 9844
2SFOS 1989888 1 9952
2SFOS 490909 1 2456
2SFOS 239158 1 1197
2SFOS 108840 1 545
2SFOS 262537 1 1313
2SFOS 1502941 1 7517
2SFOS 776626 1 3884
2SFOS 1887676 1 9441
2SFOS 113678 1 569
2SFOS 969067 1 4847
2SFOS 388614 1 1944
2SFOS 1152260 1 5763
2SFOS 1453273 1 7268
2SFOS 199591 1 999
2SFOS 1796630 1 8986
2SFOS 1760240 1 8804
2SFOS 492339 1 2463
2SFOS 1136073 1 5682
2SFOS 1253408 1 6269
2SFOS 1260013 1 6302
2SFOS 1864340 1 9324
2SFOS 1718703 1 8596
2SFOS 1346852 1 6736
2SFOS 1703944 1 8522
2SFOS 161722 1 809
2SFOS 1109445 1 5549
2SFOS 1375939 1 6882
2SFOS 1353835 1 6771
2SFOS 572944 1 2866
2SFOS 1475107 1 7378
2SFOS 489071 1 2446
2SFOS 407201 1 2037
2SFOS 1528437 1 7644
2SFOS 507786 1 2540
2SFOS 267049 1 1336
2SFOS 1017142 1 5087
2SFOS 1084531 1 5424
2SFOS 148197 1 742
2SFOS 1723647 1 8621
2SFOS 52319 1 262
2SFOS 415674 1 2079
2SFOS 624818 1 3125
2SFOS 515269 1 2577
2SFOS 1133080 1 5667
2SFOS 1486713 1 7436
2SFOS 1387628 1 6940
2SFOS 383749 1 1920
2SFOS 667370 1 3338
2SFOS 182808 1 915
2SFOS 1417143 1 7088
2SFOS 1924373 1 9624
