1SFOS 592822 1 2965
1SFOS 1572480 1 7865
1SFOS 1970501 1 9855
1SFOS 703929 1 3521
1SFOS 205436 1 1028
1SFOS 1301949 1 6512
1SFOS 1007702 1 5040
1SFOS 104990 1 526
1SFOS 588446 1 2943
1SFOS 1514407 1 7574
1SFOS 1571931 1 7862
1SFOS 330671 1 1654
1SFOS 380432 1 1903
1SFOS 792194 1 3962
1SFOS 830942 1 4156
1SFOS 286436 1 1433
1SFOS 34194 1 171
1SFOS 395638 1 1979
1SFOS 108617 1 544
1SFOS 108829 1 545
1SFOS 263564 1 1319
1SFOS 456940 1 2286
1SFOS 1130442 1 5654
1SFOS 453566 1 2269
1SFOS 1529809 1 7651
1SFOS 319565 1 1599
1SFOS 822503 1 4114
1SFOS 1578408 1 7894
1SFOS 1689555 1 8450
1SFOS 664977 1 3326
1SFOS 1412373 1 7064
1SFOS 1615967 1 8082
1SFOS 1107735 1 5540
1SFOS 542959 1 2716
1SFOS 1293568 1 6470
1SFOS 1298320 1 6493
1SFOS 376309 1 1882
1SFOS 531609 1 2659
1SFOS 1079861 1 5401
1SFOS 165280 1 827
1SFOS 1540502 1 7705
1SFOS 1884172 1 9423
1SFOS 1889900 1 9452
1SFOS 269992 1 1351
1SFOS 1747155 1 8738
1SFOS 1245035 1 6227
1SFOS 1544368 1 7724
1SFOS 550658 1 2754
1SFOS 955641 1 4780
1SFOS 1910050 1 9553
1SFOS 833764 1 4170
1SFOS 1167363 1 5839
1SFOS 660413 1 3303
1SFOS 1190638 1 5955
1SFOS 555761 1 2780
1SFOS 690324 1 3453
1SFOS 151655 1 759
1SFOS 245401 1 1228
1SFOS 444485 1 2223
1SFOS 444505 1 2223
1SFOS 501108 1 2507
1SFOS 904613 1 4525
1SFOS 279138 1 1396
1SFOS 124025 1 621
1SFOS 1648309 1 8244
1SFOS 1486415 1 7434
1SFOS 1120047 1 5602
1SFOS 1198546 1 5994
1SFOS 1495523 1 7480
1SFOS 1421348 1 7109
1SFOS 1487223 1 7438
1SFOS 1494869 1 7476
1SFOS 532366 1 2663
1SFOS 1118795 1 5596
1SFOS 565482 1 2829
1SFOS 1013563 1 5069
1SFOS 936777 1 4685
1SFOS 1032448 1 5164
1SFOS 1261740 1 6311
1SFOS 1600052 1 8002
1SFOS 135870 1 680
1SFOS 337368 1 1688
1SFOS 519030 1 2596
1SFOS 1290414 1 6454
1SFOS 1752057 1 8763
1SFOS 144449 1 723
1SFOS 625878 1 3131
1SFOS 1308265 1 6543
1SFOS 576052 1 2881
1SFOS 1446672 1 7235
1SFOS 1954423 1 9775
